 0.00000000e+00  0.00000000e+00 
 1.00000000e-13  7.50663747e-03 
 2.00000000e-13  1.42809898e-02 
 4.00000000e-13  2.73185106e-02 
 8.00000000e-13  5.19984374e-02 
 1.60000000e-12  9.92325710e-02 
 3.20000000e-12  1.86982896e-01 
 6.40000000e-12  3.43508440e-01 
 1.28000000e-11  6.02401215e-01 
 2.28000000e-11  8.82627248e-01 
 3.28000000e-11  1.03274914e+00 
 4.28000000e-11  1.09676155e+00 
 5.28000000e-11  1.15207491e+00 
 6.28000000e-11  1.21518579e+00 
 7.28000000e-11  1.20411373e+00 
 8.28000000e-11  1.00903632e+00 
 9.28000000e-11  6.78772808e-01 
 1.02800000e-10  3.55325696e-01 
 1.12800000e-10  1.50437665e-01 
 1.22800000e-10  7.32331292e-02 
 1.32800000e-10  2.90948635e-02 
 1.42800000e-10 -1.73139468e-02 
 1.52800000e-10 -4.05932105e-03 
 1.62800000e-10  1.84679682e-01 
 1.72800000e-10  5.20550545e-01 
 1.82800000e-10  8.23277534e-01 
 1.92800000e-10  1.00516929e+00 
 2.02800000e-10  1.08523144e+00 
 2.12800000e-10  1.14220691e+00 
 2.22800000e-10  1.20682978e+00 
 2.32800000e-10  1.21155054e+00 
 2.42800000e-10  1.03982455e+00 
 2.52800000e-10  7.18175848e-01 
 2.62800000e-10  3.87785214e-01 
 2.72800000e-10  1.65831555e-01 
 2.82800000e-10  7.87849476e-02 
 2.92800000e-10  3.44114819e-02 
 3.02800000e-10 -1.29795500e-02 
 3.12800000e-10 -1.27697135e-02 
 3.22800000e-10  1.53259373e-01 
 3.32800000e-10  4.80882082e-01 
 3.42800000e-10  7.94641197e-01 
 3.52800000e-10  9.90753497e-01 
 3.62800000e-10  1.07865709e+00 
 3.72800000e-10  1.13524075e+00 
 3.82800000e-10  1.20026082e+00 
 3.92800000e-10  1.21812820e+00 
 4.02800000e-10  1.06919788e+00 
 4.12800000e-10  7.57474399e-01 
 4.22800000e-10  4.21573604e-01 
 4.32800000e-10  1.83049018e-01 
 4.42800000e-10  8.47444700e-02 
 4.52800000e-10  3.94621822e-02 
 4.62800000e-10 -8.16062607e-03 
 4.72800000e-10 -1.91299154e-02 
 4.82800000e-10  1.24489670e-01 
 4.92800000e-10  4.41168788e-01 
 5.02800000e-10  7.64599064e-01 
 5.12800000e-10  9.74901817e-01 
 5.22800000e-10  1.07182002e+00 
 5.32800000e-10  1.12846518e+00 
 5.42800000e-10  1.19323812e+00 
 5.52800000e-10  1.22245921e+00 
 5.62800000e-10  1.09640844e+00 
 5.72800000e-10  7.96510042e-01 
 5.82800000e-10  4.56648453e-01 
 5.92800000e-10  2.02263077e-01 
 6.02800000e-10  9.13253799e-02 
 6.12800000e-10  4.44012327e-02 
 6.22800000e-10 -2.90557125e-03 
 6.32800000e-10 -2.32920021e-02 
 6.42800000e-10  9.83126414e-02 
 6.52800000e-10  4.01493518e-01 
 6.62800000e-10  7.33023015e-01 
 6.72800000e-10  9.57500388e-01 
 6.82800000e-10  1.06455647e+00 
 6.92800000e-10  1.12185453e+00 
 7.02800000e-10  1.18587343e+00 
 7.12800000e-10  1.22472211e+00 
 7.22800000e-10  1.12131248e+00 
 7.32800000e-10  8.35284967e-01 
 7.42800000e-10  4.93072334e-01 
 7.52800000e-10  2.23658528e-01 
 7.62800000e-10  9.88168563e-02 
 7.72800000e-10  4.93744845e-02 
 7.82800000e-10  2.63583023e-03 
 7.92800000e-10 -2.55159560e-02 
 8.02800000e-10  7.45816306e-02 
 8.12800000e-10  3.61861414e-01 
 8.22800000e-10  6.99733735e-01 
 8.32800000e-10  9.38385546e-01 
 8.42800000e-10  1.05667438e+00 
 8.52800000e-10  1.11536999e+00 
 8.62800000e-10  1.17827274e+00 
 8.72800000e-10  1.22516667e+00 
 8.82800000e-10  1.14374224e+00 
 8.92800000e-10  8.73487547e-01 
 9.02800000e-10  5.30547718e-01 
 9.12800000e-10  2.47201340e-01 
 9.22800000e-10  1.07151462e-01 
 9.32800000e-10  5.41610405e-02 
 9.42800000e-10  8.21290997e-03 
 9.52800000e-10 -2.61364482e-02 
 9.62800000e-10  5.34294327e-02 
 9.72800000e-10  3.22875167e-01 
 9.82800000e-10  6.65070518e-01 
 9.92800000e-10  9.17691356e-01 
 1.00280000e-09  1.04808455e+00 
 1.01280000e-09  1.10904579e+00 
 1.02280000e-09  1.17063715e+00 
 1.03280000e-09  1.22380602e+00 
 1.04280000e-09  1.16316735e+00 
 1.05280000e-09  9.10676979e-01 
 1.06280000e-09  5.68758459e-01 
 1.07280000e-09  2.72800663e-01 
 1.08280000e-09  1.16580136e-01 
 1.09280000e-09  5.89397813e-02 
 1.10280000e-09  1.37854942e-02 
 1.11280000e-09 -2.53822138e-02 
 1.12280000e-09  3.48048355e-02 
 1.13280000e-09  2.84732666e-01 
 1.14280000e-09  6.29012101e-01 
 1.15280000e-09  8.95353787e-01 
 1.16280000e-09  1.03859509e+00 
 1.17280000e-09  1.10283484e+00 
 1.18280000e-09  1.16306088e+00 
 1.19280000e-09  1.22093787e+00 
 1.20280000e-09  1.17968689e+00 
 1.21280000e-09  9.46732952e-01 
 1.22280000e-09  6.07652028e-01 
 1.23280000e-09  3.00495128e-01 
 1.24280000e-09  1.27319675e-01 
 1.25280000e-09  6.38135312e-02 
 1.26280000e-09  1.93283227e-02 
 1.27280000e-09 -2.34466410e-02 
 1.28280000e-09  1.86857001e-02 
 1.29280000e-09  2.47657643e-01 
 1.30280000e-09  5.91685413e-01 
 1.31280000e-09  8.71513037e-01 
 1.32280000e-09  1.02807171e+00 
 1.33280000e-09  1.09667700e+00 
 1.34280000e-09  1.15559887e+00 
 1.35280000e-09  1.21685317e+00 
 1.36280000e-09  1.19336315e+00 
 1.37280000e-09  9.81096514e-01 
 1.38280000e-09  6.46552028e-01 
 1.39280000e-09  3.29789714e-01 
 1.40280000e-09  1.39406935e-01 
 1.41280000e-09  6.88157822e-02 
 1.42280000e-09  2.47582028e-02 
 1.43280000e-09 -2.04960402e-02 
 1.44280000e-09  5.29201011e-03 
 1.45280000e-09  2.12449593e-01 
 1.46280000e-09  5.53338231e-01 
 1.47280000e-09  8.45960805e-01 
 1.48280000e-09  1.01626070e+00 
 1.49280000e-09  1.09046050e+00 
 1.50280000e-09  1.14828599e+00 
 1.51280000e-09  1.21172383e+00 
 1.52280000e-09  1.20433287e+00 
 1.53280000e-09  1.01373565e+00 
 1.54280000e-09  6.85505839e-01 
 1.55280000e-09  3.60654128e-01 
 1.56280000e-09  1.53062577e-01 
 1.57280000e-09  7.40624340e-02 
 1.58280000e-09  3.00802979e-02 
 1.59280000e-09 -1.67408274e-02 
 1.60280000e-09 -5.56645291e-03 
 1.61280000e-09  1.79279560e-01 
 1.62280000e-09  5.14102958e-01 
 1.63280000e-09  8.18604888e-01 
 1.64280000e-09  1.00295922e+00 
 1.65280000e-09  1.08409350e+00 
 1.66280000e-09  1.14111946e+00 
 1.67280000e-09  1.20572811e+00 
 1.68280000e-09  1.21283172e+00 
 1.69280000e-09  1.04471634e+00 
 1.70280000e-09  7.24690196e-01 
 1.71280000e-09  3.93176925e-01 
 1.72280000e-09  1.68571535e-01 
 1.73280000e-09  7.96623252e-02 
 1.74280000e-09  3.52371211e-02 
 1.75280000e-09 -1.23199648e-02 
 1.76280000e-09 -1.39258217e-02 
 1.77280000e-09  1.48425644e-01 
 1.78280000e-09  4.74527856e-01 
 1.79280000e-09  7.89891855e-01 
 1.80280000e-09  9.88334760e-01 
 1.81280000e-09  1.07755045e+00 
 1.82280000e-09  1.13417172e+00 
 1.83280000e-09  1.19913517e+00 
 1.84280000e-09  1.21898332e+00 
 1.85280000e-09  1.07368056e+00 
 1.86280000e-09  7.63773486e-01 
 1.87280000e-09  4.27088199e-01 
 1.88280000e-09  1.86011584e-01 
 1.89280000e-09  8.57391419e-02 
 1.90280000e-09  4.02779677e-02 
 1.91280000e-09 -7.35589153e-03 
 1.92280000e-09 -1.99373649e-02 
 1.93280000e-09  1.20081985e-01 
 1.94280000e-09  4.34782658e-01 
 1.95280000e-09  7.59618747e-01 
 1.96280000e-09  9.72216160e-01 
 1.97280000e-09  1.07067408e+00 
 1.98280000e-09  1.12740121e+00 
 1.99280000e-09  1.19206614e+00 
 2.00280000e-09  1.22295799e+00 
 2.01280000e-09  1.10056407e+00 
 2.02280000e-09  8.02769910e-01 
 2.03280000e-09  4.62411919e-01 
 2.04280000e-09  2.05558318e-01 
 2.05280000e-09  9.25457048e-02 
 2.06280000e-09  4.53082653e-02 
 2.07280000e-09 -1.97740696e-03 
 2.08280000e-09 -2.37523636e-02 
 2.09280000e-09  9.42413134e-02 
 2.10280000e-09  3.94931919e-01 
 2.11280000e-09  7.27643893e-01 
 2.12280000e-09  9.54457837e-01 
 2.13280000e-09  1.06330112e+00 
 2.14280000e-09  1.12077457e+00 
 2.15280000e-09  1.18463337e+00 
 2.16280000e-09  1.22490140e+00 
 2.17280000e-09  1.12519150e+00 
 2.18280000e-09  8.41648891e-01 
 2.19280000e-09  4.99215394e-01 
 2.20280000e-09  2.27405981e-01 
 2.21280000e-09  1.00130897e-01 
 2.22280000e-09  5.01648200e-02 
 2.23280000e-09  3.56042111e-03 
 2.24280000e-09 -2.57261553e-02 
 2.25280000e-09  7.09220676e-02 
 2.26280000e-09  3.55367597e-01 
 2.27280000e-09  6.94119932e-01 
 2.28280000e-09  9.35072375e-01 
 2.29280000e-09  1.05531635e+00 
 2.30280000e-09  1.11430600e+00 
 2.31280000e-09  1.17701322e+00 
 2.32280000e-09  1.22503486e+00 
 2.33280000e-09  1.14714983e+00 
 2.34280000e-09  8.79688149e-01 
 2.35280000e-09  5.36819312e-01 
 2.36280000e-09  2.51279782e-01 
 2.37280000e-09  1.08634384e-01 
 2.38280000e-09  5.49399615e-02 
 2.39280000e-09  9.14372380e-03 
 2.40280000e-09 -2.61084140e-02 
 2.41280000e-09  5.01926579e-02 
 2.42280000e-09  3.16504653e-01 
 2.43280000e-09  6.59232103e-01 
 2.44280000e-09  9.14109328e-01 
 2.45280000e-09  1.04659789e+00 
 2.46280000e-09  1.10801131e+00 
 2.47280000e-09  1.16939881e+00 
 2.48280000e-09  1.22342816e+00 
 2.49280000e-09  1.16611009e+00 
 2.50280000e-09  9.16690747e-01 
 2.51280000e-09  5.75131504e-01 
 2.52280000e-09  2.77206470e-01 
 2.53280000e-09  1.18260178e-01 
 2.54280000e-09  5.97231508e-02 
 2.55280000e-09  1.47115717e-02 
 2.56280000e-09 -2.51511155e-02 
 2.57280000e-09  3.19887356e-02 
 2.58280000e-09  2.78533681e-01 
 2.59280000e-09  6.22954198e-01 
 2.60280000e-09  8.91498770e-01 
 2.61280000e-09  1.03694103e+00 
 2.62280000e-09  1.10180476e+00 
 2.63280000e-09  1.16183202e+00 
 2.64280000e-09  1.22033039e+00 
 2.65280000e-09  1.18214485e+00 
 2.66280000e-09  9.52493288e-01 
 2.67280000e-09  6.14065408e-01 
 2.68280000e-09  3.05195036e-01 
 2.69280000e-09  1.29220008e-01 
 2.70280000e-09  6.46145559e-02 
 2.71280000e-09  2.02413488e-02 
 2.72280000e-09 -2.30406483e-02 
 2.73280000e-09  1.63046294e-02 
 2.74280000e-09  2.41713505e-01 
 2.75280000e-09  5.85446674e-01 
 2.76280000e-09  8.67396979e-01 
 2.77280000e-09  1.02622219e+00 
 2.78280000e-09  1.09564448e+00 
 2.79280000e-09  1.15439908e+00 
 2.80280000e-09  1.21606081e+00 
 2.81280000e-09  1.19536326e+00 
 2.82280000e-09  9.86577283e-01 
 2.83280000e-09  6.52975973e-01 
 2.84280000e-09  3.34753265e-01 
 2.85280000e-09  1.41551867e-01 
 2.86280000e-09  6.96493443e-02 
 2.87280000e-09  2.56542433e-02 
 2.88280000e-09 -1.99421266e-02 
 2.89280000e-09  3.34327825e-03 
 2.90280000e-09  2.06828514e-01 
 2.91280000e-09  5.46965159e-01 
 2.92280000e-09  8.41590923e-01 
 2.93280000e-09  1.01420350e+00 
 2.94280000e-09  1.08942172e+00 
 2.95280000e-09  1.14711567e+00 
 2.96280000e-09  1.21078069e+00 
 2.97280000e-09  1.20590464e+00 
 2.98280000e-09  1.01891684e+00 
 2.99280000e-09  6.91926923e-01 
 3.00280000e-09  3.65858945e-01 
 3.01280000e-09  1.55481682e-01 
 3.02280000e-09  7.49453183e-02 
 3.03280000e-09  3.09558111e-02 
 3.04280000e-09 -1.60627396e-02 
 3.05280000e-09 -7.09143526e-03 
 3.06280000e-09  1.74034434e-01 
 3.07280000e-09  5.07644249e-01 
 3.08280000e-09  8.13981701e-01 
 3.09280000e-09  1.00067044e+00 
 3.10280000e-09  1.08302544e+00 
 3.11280000e-09  1.13997892e+00 
 3.12280000e-09  1.20466984e+00 
 3.13280000e-09  1.21401094e+00 
 3.14280000e-09  1.04959372e+00 
 3.15280000e-09  7.31119573e-01 
 3.16280000e-09  3.98627524e-01 
 3.17280000e-09  1.71304033e-01 
 3.18280000e-09  8.06120289e-02 
 3.19280000e-09  3.60864066e-02 
 3.20280000e-09 -1.15448040e-02 
 3.21280000e-09 -1.50499222e-02 
 3.22280000e-09  1.43589466e-01 
 3.23280000e-09  4.68025840e-01 
 3.24280000e-09  7.85014116e-01 
 3.25280000e-09  9.85806043e-01 
 3.26280000e-09  1.07643624e+00 
 3.27280000e-09  1.13306076e+00 
 3.28280000e-09  1.19798954e+00 
 3.29280000e-09  1.21979602e+00 
 3.30280000e-09  1.07823022e+00 
 3.31280000e-09  7.70199037e-01 
 3.32280000e-09  4.32777744e-01 
 3.33280000e-09  1.89083152e-01 
 3.34280000e-09  8.67825002e-02 
 3.35280000e-09  4.11035536e-02 
 3.36280000e-09 -6.51565759e-03 
 3.37280000e-09 -2.06923942e-02 
 3.38280000e-09  1.15675957e-01 
 3.39280000e-09  4.28285873e-01 
 3.40280000e-09  7.54493157e-01 
 3.41280000e-09  9.69440712e-01 
 3.42280000e-09  1.06949512e+00 
 3.43280000e-09  1.12632014e+00 
 3.44280000e-09  1.19085798e+00 
 3.45280000e-09  1.22342571e+00 
 3.46280000e-09  1.10474275e+00 
 3.47280000e-09  8.09160175e-01 
 3.48280000e-09  4.68323812e-01 
 3.49280000e-09  2.08984614e-01 
 3.50280000e-09  9.37141590e-02 
 3.51280000e-09  4.61183133e-02 
 3.52280000e-09 -1.09598438e-03 
 3.53280000e-09 -2.41832936e-02 
 3.54280000e-09  9.02510164e-02 
 3.55280000e-09  3.88464198e-01 
 3.56280000e-09  7.22261661e-01 
 3.57280000e-09  9.51419364e-01 
 3.58280000e-09  1.06203224e+00 
 3.59280000e-09  1.11972043e+00 
 3.60280000e-09  1.18338527e+00 
 3.61280000e-09  1.22514254e+00 
 3.62280000e-09  1.12900095e+00 
 3.63280000e-09  8.47825727e-01 
 3.64280000e-09  5.05151160e-01 
 3.65280000e-09  2.31083150e-01 
 3.66280000e-09  1.01409100e-01 
 3.67280000e-09  5.09414806e-02 
 3.68280000e-09  4.43974843e-03 
 3.69280000e-09 -2.58767934e-02 
 3.70280000e-09  6.74185682e-02 
 3.71280000e-09  3.49107373e-01 
 3.72280000e-09  6.88609721e-01 
 3.73280000e-09  9.31836081e-01 
 3.74280000e-09  1.05396284e+00 
 3.75280000e-09  1.11329877e+00 
 3.76280000e-09  1.17577785e+00 
 3.77280000e-09  1.22489639e+00 
 3.78280000e-09  1.15037373e+00 
 3.79280000e-09  8.85714064e-01 
 3.80280000e-09  5.42913949e-01 
 3.81280000e-09  2.55316847e-01 
 3.82280000e-09  1.10089495e-01 
 3.83280000e-09  5.57156864e-02 
 3.84280000e-09  1.00275859e-02 
 3.85280000e-09 -2.60275951e-02 
 3.86280000e-09  4.70886450e-02 
 3.87280000e-09  3.10355727e-01 
 3.88280000e-09  6.53484903e-01 
 3.89280000e-09  9.10604598e-01 
 3.90280000e-09  1.04510456e+00 
 3.91280000e-09  1.10702157e+00 
 3.92280000e-09  1.16816566e+00 
 3.93280000e-09  1.22299418e+00 
 3.94280000e-09  1.16886322e+00 
 3.95280000e-09  9.22685140e-01 
 3.96280000e-09  5.81532725e-01 
 3.97280000e-09  2.81722880e-01 
 3.98280000e-09  1.19972133e-01 
 3.99280000e-09  6.05340440e-02 
 4.00280000e-09  1.56177074e-02 
 4.01280000e-09 -2.48647005e-02 
 4.02280000e-09  2.92118013e-02 
 4.03280000e-09  2.72374848e-01 
 4.04280000e-09  6.16807415e-01 
 4.05280000e-09  8.87610971e-01 
 4.06280000e-09  1.03522716e+00 
 4.07280000e-09  1.10079284e+00 
 4.08280000e-09  1.16057630e+00 
 4.09280000e-09  1.21971465e+00 
 4.10280000e-09  1.18451208e+00 
 4.11280000e-09  9.58263707e-01 
 4.12280000e-09  6.20487307e-01 
 4.13280000e-09  3.09987123e-01 
 4.14280000e-09  1.31149250e-01 
 4.15280000e-09  6.54443922e-02 
 4.16280000e-09  2.11326536e-02 
 4.17280000e-09 -2.25599207e-02 
 4.18280000e-09  1.39931974e-02 
 4.19280000e-09  2.35827216e-01 
 4.20280000e-09  5.79120373e-01 
 4.21280000e-09  8.63245496e-01 
 4.22280000e-09  1.02431063e+00 
 4.23280000e-09  1.09463190e+00 
 4.24280000e-09  1.15317083e+00 
 4.25280000e-09  1.21526376e+00 
 4.26280000e-09  1.19727339e+00 
 4.27280000e-09  9.92062869e-01 
 4.28280000e-09  6.59405018e-01 
 4.29280000e-09  3.39807169e-01 
 4.30280000e-09  1.43731281e-01 
 4.31280000e-09  7.05145632e-02 
 4.32280000e-09  2.65280777e-02 
 4.33280000e-09 -1.93575505e-02 
 4.34280000e-09  1.40317196e-03 
 4.35280000e-09  2.01245338e-01 
 4.36280000e-09  5.40496836e-01 
 4.37280000e-09  8.37177875e-01 
 4.38280000e-09  1.01207090e+00 
 4.39280000e-09  1.08839428e+00 
 4.40280000e-09  1.14591678e+00 
 4.41280000e-09  1.20983737e+00 
 4.42280000e-09  1.20739505e+00 
 4.43280000e-09  1.02411403e+00 
 4.44280000e-09  6.98370704e-01 
 4.45280000e-09  3.71168754e-01 
 4.46280000e-09  1.57948746e-01 
 4.47280000e-09  7.58655610e-02 
 4.48280000e-09  3.18113071e-02 
 4.49280000e-09 -1.53366327e-02 
 4.50280000e-09 -8.58217305e-03 
 4.51280000e-09  1.68840360e-01 
 4.52280000e-09  5.01092684e-01 
 4.53280000e-09  8.09309176e-01 
 4.54280000e-09  9.98299946e-01 
 4.55280000e-09  1.08196490e+00 
 4.56280000e-09  1.13881024e+00 
 4.57280000e-09  1.20361475e+00 
 4.58280000e-09  1.21510947e+00 
 4.59280000e-09  1.05447998e+00 
 4.60280000e-09  7.37569677e-01 
 4.61280000e-09  4.04183931e-01 
 4.62280000e-09  1.74091270e-01 
 4.63280000e-09  8.16027403e-02 
 4.64280000e-09  3.69153974e-02 
 4.65280000e-09 -1.07366864e-02 
 4.66280000e-09 -1.61534467e-02 
 4.67280000e-09  1.38811307e-01 
 4.68280000e-09  4.61443466e-01 
 4.69280000e-09  7.80089920e-01 
 4.70280000e-09  9.83194252e-01 
 4.71280000e-09  1.07532699e+00 
 4.72280000e-09  1.13192330e+00 
 4.73280000e-09  1.19685091e+00 
 4.74280000e-09  1.22052795e+00 
 4.75280000e-09  1.08277615e+00 
 4.76280000e-09  7.76636183e-01 
 4.77280000e-09  4.38568318e-01 
 4.78280000e-09  1.92212388e-01 
 4.79280000e-09  8.78703224e-02 
 4.80280000e-09  4.19086353e-02 
 4.81280000e-09 -5.63662578e-03 
 4.82280000e-09 -2.14180618e-02 
 4.83280000e-09  1.11334700e-01 
 4.84280000e-09  4.21719446e-01 
 4.85280000e-09  7.49322410e-01 
 4.86280000e-09  9.66580125e-01 
 4.87280000e-09  1.06831766e+00 
 4.88280000e-09  1.12521401e+00 
 4.89280000e-09  1.18966073e+00 
 4.90280000e-09  1.22381382e+00 
 4.91280000e-09  1.10890323e+00 
 4.92280000e-09  8.15549257e-01 
 4.93280000e-09  4.74328041e-01 
 4.94280000e-09  2.12468620e-01 
 4.95280000e-09  9.49309795e-02 
 4.96280000e-09  4.69086049e-02 
 4.97280000e-09 -1.80649646e-04 
 4.98280000e-09 -2.45898389e-02 
 4.99280000e-09  8.63301951e-02 
 5.00280000e-09  3.81940381e-01 
 5.01280000e-09  7.16838812e-01 
 5.02280000e-09  9.48295580e-01 
 5.03280000e-09  1.06076156e+00 
 5.04280000e-09  1.11864283e+00 
 5.05280000e-09  1.18215286e+00 
 5.06280000e-09  1.22521067e+00 
 5.07280000e-09  1.13272459e+00 
 5.08280000e-09  8.54113616e-01 
 5.09280000e-09  5.11326124e-01 
 5.10280000e-09  2.34919469e-01 
 5.11280000e-09  1.02775642e-01 
 5.12280000e-09  5.17192977e-02 
 5.13280000e-09  5.36985062e-03 
 5.14280000e-09 -2.60112047e-02 
 5.15280000e-09  6.39118514e-02 
 5.16280000e-09  3.42667750e-01 
 5.17280000e-09  6.82943576e-01 
 5.18280000e-09  9.28444425e-01 
 5.19280000e-09  1.05257428e+00 
 5.20280000e-09  1.11224681e+00 
 5.21280000e-09  1.17453516e+00 
 5.22280000e-09  1.22468347e+00 
 5.23280000e-09  1.15362546e+00 
 5.24280000e-09  8.91837258e-01 
 5.25280000e-09  5.49195826e-01 
 5.26280000e-09  2.59483191e-01 
 5.27280000e-09  1.11634423e-01 
 5.28280000e-09  5.64927229e-02 
 5.29280000e-09  1.09591085e-02 
 5.30280000e-09 -2.59325932e-02 
 5.31280000e-09  4.39867793e-02 
 5.32280000e-09  3.04030701e-01 
 5.33280000e-09  6.47569120e-01 
 5.34280000e-09  9.06931443e-01 
 5.35280000e-09  1.04356540e+00 
 5.36280000e-09  1.10598488e+00 
 5.37280000e-09  1.16692499e+00 
 5.38280000e-09  1.22253580e+00 
 5.39280000e-09  1.17164262e+00 
 5.40280000e-09  9.28614285e-01 
 5.41280000e-09  5.87918900e-01 
 5.42280000e-09  2.86226091e-01 
 5.43280000e-09  1.21721036e-01 
 5.44280000e-09  6.13214710e-02 
 5.45280000e-09  1.65389840e-02 
 5.46280000e-09 -2.45733243e-02 
 5.47280000e-09  2.65392066e-02 
 5.48280000e-09  2.66256475e-01 
 5.49280000e-09  6.10687845e-01 
 5.50280000e-09  8.83672850e-01 
 5.51280000e-09  1.03351255e+00 
 5.52280000e-09  1.09976543e+00 
 5.53280000e-09  1.15935456e+00 
 5.54280000e-09  1.21904292e+00 
 5.55280000e-09  1.18681329e+00 
 5.56280000e-09  9.63934273e-01 
 5.57280000e-09  6.26903626e-01 
 5.58280000e-09  3.14777335e-01 
 5.59280000e-09  1.33125963e-01 
 5.60280000e-09  6.62553890e-02 
 5.61280000e-09  2.20388218e-02 
 5.62280000e-09 -2.21007792e-02 
 5.63280000e-09  1.17560800e-02 
 5.64280000e-09  2.29988100e-01 
 5.65280000e-09  5.72832567e-01 
 5.66280000e-09  8.59049439e-01 
 5.67280000e-09  1.02239718e+00 
 5.68280000e-09  1.09360272e+00 
 5.69280000e-09  1.15197672e+00 
 5.70280000e-09  1.21441886e+00 
 5.71280000e-09  1.19912646e+00 
 5.72280000e-09  9.97450056e-01 
 5.73280000e-09  6.65828684e-01 
 5.74280000e-09  3.44855737e-01 
 5.75280000e-09  1.45962529e-01 
 5.76280000e-09  7.13642625e-02 
 5.77280000e-09  2.74161871e-02 
 5.78280000e-09 -1.87569494e-02 
 5.79280000e-09 -4.05481408e-04 
 5.80280000e-09  1.95743130e-01 
 5.81280000e-09  5.34082973e-01 
 5.82280000e-09  8.32724714e-01 
 5.83280000e-09  1.00993652e+00 
 5.84280000e-09  1.08734927e+00 
 5.85280000e-09  1.14475364e+00 
 5.86280000e-09  1.20885523e+00 
 5.87280000e-09  1.20883267e+00 
 5.88280000e-09  1.02920127e+00 
 5.89280000e-09  7.04794389e-01 
 5.90280000e-09  3.76458462e-01 
 5.91280000e-09  1.60466275e-01 
 5.92280000e-09  7.67716018e-02 
 5.93280000e-09  3.26781325e-02 
 5.94280000e-09 -1.46211771e-02 
 5.95280000e-09 -9.97497008e-03 
 5.96280000e-09  1.63725810e-01 
 5.97280000e-09  4.94606577e-01 
 5.98280000e-09  8.04601279e-01 
 5.99280000e-09  9.95928906e-01 
 6.00280000e-09  1.08088490e+00 
 6.01280000e-09  1.13767641e+00 
 6.02280000e-09  1.20252692e+00 
 6.03280000e-09  1.21616341e+00 
 6.04280000e-09  1.05925825e+00 
 6.05280000e-09  7.44001674e-01 
 6.06280000e-09  4.09720685e-01 
 6.07280000e-09  1.76933172e-01 
 6.08280000e-09  8.25832071e-02 
 6.09280000e-09  3.77553336e-02 
 6.10280000e-09 -9.93595669e-03 
 6.11280000e-09 -1.71594028e-02 
 6.12280000e-09  1.34108869e-01 
 6.13280000e-09  4.54925117e-01 
 6.14280000e-09  7.75125622e-01 
 6.15280000e-09  9.80578672e-01 
 6.16280000e-09  1.07419415e+00 
 6.17280000e-09  1.13081819e+00 
 6.18280000e-09  1.19568293e+00 
 6.19280000e-09  1.22122266e+00 
 6.20280000e-09  1.08721807e+00 
 6.21280000e-09  7.83061149e-01 
 6.22280000e-09  4.44344578e-01 
 6.23280000e-09  1.95402354e-01 
 6.24280000e-09  8.89533701e-02 
 6.25280000e-09  4.27258164e-02 
 6.26280000e-09 -4.77634105e-03 
 6.27280000e-09 -2.20649497e-02 
 6.28280000e-09  1.07061761e-01 
 6.29280000e-09  4.15215936e-01 
 6.30280000e-09  7.44108380e-01 
 6.31280000e-09  9.63713019e-01 
 6.32280000e-09  1.06711245e+00 
 6.33280000e-09  1.12413812e+00 
 6.34280000e-09  1.18843772e+00 
 6.35280000e-09  1.22417137e+00 
 6.36280000e-09  1.11295919e+00 
 6.37280000e-09  8.21926169e-01 
 6.38280000e-09  4.80318595e-01 
 6.39280000e-09  2.16016776e-01 
 6.40280000e-09  9.61486988e-02 
 6.41280000e-09  4.77126294e-02 
 6.42280000e-09  7.13295444e-04 
 6.43280000e-09 -2.49270337e-02 
 6.44280000e-09  8.24705810e-02 
 6.45280000e-09  3.75476530e-01 
 6.46280000e-09  7.11367696e-01 
 6.47280000e-09  9.45161336e-01 
 6.48280000e-09  1.05945808e+00 
 6.49280000e-09  1.11759314e+00 
 6.50280000e-09  1.18089801e+00 
 6.51280000e-09  1.22525475e+00 
 6.52280000e-09  1.13634259e+00 
 6.53280000e-09  8.60386720e-01 
 6.54280000e-09  5.17485678e-01 
 6.55280000e-09  2.38821633e-01 
 6.56280000e-09  1.04148670e-01 
 6.57280000e-09  5.25127369e-02 
 6.58280000e-09  6.27695571e-03 
 6.59280000e-09 -2.60846629e-02 
 6.60280000e-09  6.04608279e-02 
 6.61280000e-09  3.36286472e-01 
 6.62280000e-09  6.77224538e-01 
 6.63280000e-09  9.25038490e-01 
 6.64280000e-09  1.05114717e+00 
 6.65280000e-09  1.11122003e+00 
 6.66280000e-09  1.17327251e+00 
 6.67280000e-09  1.22445255e+00 
 6.68280000e-09  1.15677287e+00 
 6.69280000e-09  8.97943688e-01 
 6.70280000e-09  5.55470800e-01 
 6.71280000e-09  2.63720454e-01 
 6.72280000e-09  1.13186672e-01 
 6.73280000e-09  5.72849146e-02 
 6.74280000e-09  1.18634583e-02 
 6.75280000e-09 -2.57832520e-02 
 6.76280000e-09  4.09528645e-02 
 6.77280000e-09  2.97795561e-01 
 6.78280000e-09  6.41625549e-01 
 6.79280000e-09  9.03258275e-01 
 6.80280000e-09  1.04198892e+00 
 6.81280000e-09  1.10497526e+00 
 6.82280000e-09  1.16567167e+00 
 6.83280000e-09  1.22206653e+00 
 6.84280000e-09  1.17430793e+00 
 6.85280000e-09  9.34496207e-01 
 6.86280000e-09  5.94257208e-01 
 6.87280000e-09  2.90774643e-01 
 6.88280000e-09  1.23479797e-01 
 6.89280000e-09  6.21254958e-02 
 6.90280000e-09  1.74330005e-02 
 6.91280000e-09 -2.42338895e-02 
 6.92280000e-09  2.39311709e-02 
 6.93280000e-09  2.60231841e-01 
 6.94280000e-09  6.04708040e-01 
 6.95280000e-09  8.79970091e-01 
 6.96280000e-09  1.03185518e+00 
 6.97280000e-09  1.09880713e+00 
 6.98280000e-09  1.15816217e+00 
 6.99280000e-09  1.21839400e+00 
 7.00280000e-09  1.18896463e+00 
 7.01280000e-09  9.69430096e-01 
 7.02280000e-09  6.33123971e-01 
 7.03280000e-09  3.19497853e-01 
 7.04280000e-09  1.35070205e-01 
 7.05280000e-09  6.70663443e-02 
 7.06280000e-09  2.28978271e-02 
 7.07280000e-09 -2.16101534e-02 
 7.08280000e-09  9.62895822e-03 
 7.09280000e-09  2.24379404e-01 
 7.10280000e-09  5.66666693e-01 
 7.11280000e-09  8.54949232e-01 
 7.12280000e-09  1.02048235e+00 
 7.13280000e-09  1.09261774e+00 
 7.14280000e-09  1.15079890e+00 
 7.15280000e-09  1.21359525e+00 
 7.16280000e-09  1.20084143e+00 
 7.17280000e-09  1.00266825e+00 
 7.18280000e-09  6.72059011e-01 
 7.19280000e-09  3.49828295e-01 
 7.20280000e-09  1.48161158e-01 
 7.21280000e-09  7.22156840e-02 
 7.22280000e-09  2.82583341e-02 
 7.23280000e-09 -1.81320844e-02 
 7.24280000e-09 -2.11742845e-03 
 7.25280000e-09  1.90467226e-01 
 7.26280000e-09  5.27660114e-01 
 7.27280000e-09  8.28139113e-01 
 7.28280000e-09  1.00766799e+00 
 7.29280000e-09  1.08629093e+00 
 7.30280000e-09  1.14355839e+00 
 7.31280000e-09  1.20786132e+00 
 7.32280000e-09  1.21018483e+00 
 7.33280000e-09  1.03428373e+00 
 7.34280000e-09  7.11231276e-01 
 7.35280000e-09  3.81837225e-01 
 7.36280000e-09  1.63032532e-01 
 7.37280000e-09  7.77103481e-02 
 7.38280000e-09  3.35272850e-02 
 7.39280000e-09 -1.38653192e-02 
 7.40280000e-09 -1.13266044e-02 
 7.41280000e-09  1.58672093e-01 
 7.42280000e-09  4.88052582e-01 
 7.43280000e-09  7.99849348e-01 
 7.44280000e-09  9.93485774e-01 
 7.45280000e-09  1.07980972e+00 
 7.46280000e-09  1.13652215e+00 
 7.47280000e-09  1.20144048e+00 
 7.48280000e-09  1.21713979e+00 
 7.49280000e-09  1.06402649e+00 
 7.50280000e-09  7.50459121e-01 
 7.51280000e-09  4.15369353e-01 
 7.52280000e-09  1.79840347e-01 
 7.53280000e-09  8.36031710e-02 
 7.54280000e-09  3.85780115e-02 
 7.55280000e-09 -9.09911964e-03 
 7.56280000e-09 -1.81248837e-02 
 7.57280000e-09  1.29479493e-01 
 7.58280000e-09  4.48357303e-01 
 7.59280000e-09  7.70124827e-01 
 7.60280000e-09  9.77892522e-01 
 7.61280000e-09  1.07306443e+00 
 7.62280000e-09  1.12969515e+00 
 7.63280000e-09  1.19452149e+00 
 7.64280000e-09  1.22184019e+00 
 7.65280000e-09  1.09163314e+00 
 7.66280000e-09  7.89473136e-01 
 7.67280000e-09  4.50186165e-01 
 7.68280000e-09  1.98638412e-01 
 7.69280000e-09  9.00731950e-02 
 7.70280000e-09  4.35247271e-02 
 7.71280000e-09 -3.88529665e-03 
 7.72280000e-09 -2.26803832e-02 
 7.73280000e-09  1.02852935e-01 
 7.74280000e-09  4.08657112e-01 
 7.75280000e-09  7.38847546e-01 
 7.76280000e-09  9.60767312e-01 
 7.77280000e-09  1.06590401e+00 
 7.78280000e-09  1.12304281e+00 
 7.79280000e-09  1.18722246e+00 
 7.80280000e-09  1.22445551e+00 
 7.81280000e-09  1.11698539e+00 
 7.82280000e-09  8.28299402e-01 
 7.83280000e-09  4.86390054e-01 
 7.84280000e-09  2.19624533e-01 
 7.85280000e-09  9.74118086e-02 
 7.86280000e-09  4.85009490e-02 
 7.87280000e-09  1.63462090e-03 
 7.88280000e-09 -2.52374499e-02 
 7.89280000e-09  7.86791802e-02 
 7.90280000e-09  3.68969671e-01 
 7.91280000e-09  7.05853484e-01 
 7.92280000e-09  9.41948065e-01 
 7.93280000e-09  1.05814769e+00 
 7.94280000e-09  1.11652511e+00 
 7.95280000e-09  1.17965549e+00 
 7.96280000e-09  1.22522925e+00 
 7.97280000e-09  1.13991756e+00 
 7.98280000e-09  8.66629013e-01 
 7.99280000e-09  5.23698807e-01 
 8.00280000e-09  2.42774088e-01 
 8.01280000e-09  1.05568615e-01 
 8.02280000e-09  5.32910419e-02 
 8.03280000e-09  7.20688693e-03 
 8.04280000e-09 -2.61376122e-02 
 8.05280000e-09  5.70828455e-02 
 8.06280000e-09  3.29878148e-01 
 8.07280000e-09  6.71469334e-01 
 8.08280000e-09  9.21555395e-01 
 8.09280000e-09  1.04970960e+00 
 8.10280000e-09  1.11017560e+00 
 8.11280000e-09  1.17202622e+00 
 8.12280000e-09  1.22415712e+00 
 8.13280000e-09  1.15986868e+00 
 8.14280000e-09  9.04013776e-01 
 8.15280000e-09  5.61797819e-01 
 8.16280000e-09  2.68005513e-01 
 8.17280000e-09  1.14790651e-01 
 8.18280000e-09  5.80641201e-02 
 8.19280000e-09  1.27879272e-02 
 8.20280000e-09 -2.56186649e-02 
 8.21280000e-09  3.79972101e-02 
 8.22280000e-09  2.91550908e-01 
 8.23280000e-09  6.35654053e-01 
 8.24280000e-09  8.99510908e-01 
 8.25280000e-09  1.04039810e+00 
 8.26280000e-09  1.10394776e+00 
 8.27280000e-09  1.16443735e+00 
 8.28280000e-09  1.22153838e+00 
 8.29280000e-09  1.17691907e+00 
 8.30280000e-09  9.40330152e-01 
 8.31280000e-09  6.00636112e-01 
 8.32280000e-09  2.95363780e-01 
 8.33280000e-09  1.25293447e-01 
 8.34280000e-09  6.29185745e-02 
 8.35280000e-09  1.83450324e-02 
 8.36280000e-09 -2.38838135e-02 
 8.37280000e-09  2.14056588e-02 
 8.38280000e-09  2.54215861e-01 
 8.39280000e-09  5.98541706e-01 
 8.40280000e-09  8.75960512e-01 
 8.41280000e-09  1.03008267e+00 
 8.42280000e-09  1.09778577e+00 
 8.43280000e-09  1.15695039e+00 
 8.44280000e-09  1.21766649e+00 
 8.45280000e-09  1.19110666e+00 
 8.46280000e-09  9.74993116e-01 
 8.47280000e-09  6.39518920e-01 
 8.48280000e-09  3.24359177e-01 
 8.49280000e-09  1.37117241e-01 
 8.50280000e-09  6.78869344e-02 
 8.51280000e-09  2.37932104e-02 
 8.52280000e-09 -2.11026625e-02 
 8.53280000e-09  7.53686333e-03 
 8.54280000e-09  2.18666403e-01 
 8.55280000e-09  5.60353143e-01 
 8.56280000e-09  8.50687697e-01 
 8.57280000e-09  1.01850409e+00 
 8.58280000e-09  1.09157677e+00 
 8.59280000e-09  1.14960273e+00 
 8.60280000e-09  1.21270741e+00 
 8.61280000e-09  1.20255370e+00 
 8.62280000e-09  1.00795879e+00 
 8.63280000e-09  6.78476330e-01 
 8.64280000e-09  3.54954955e-01 
 8.65280000e-09  1.50478494e-01 
 8.66280000e-09  7.30827436e-02 
 8.67280000e-09  2.91373436e-02 
 8.68280000e-09 -1.74894613e-02 
 8.69280000e-09 -3.78978113e-03 
 8.70280000e-09  1.85091970e-01 
 8.71280000e-09  5.21220163e-01 
 8.72280000e-09  8.23608506e-01 
 8.73280000e-09  1.00545486e+00 
 8.74280000e-09  1.08523835e+00 
 8.75280000e-09  1.14240302e+00 
 8.76280000e-09  1.20684402e+00 
 8.77280000e-09  1.21149103e+00 
 8.78280000e-09  1.03927298e+00 
 8.79280000e-09  7.17654523e-01 
 8.80280000e-09  3.87209042e-01 
 8.81280000e-09  1.65650846e-01 
 8.82280000e-09  7.86413779e-02 
 8.83280000e-09  3.43848011e-02 
 8.84280000e-09 -1.31159856e-02 
 8.85280000e-09 -1.25892495e-02 
 8.86280000e-09  1.53693821e-01 
 8.87280000e-09  4.81548284e-01 
 8.88280000e-09  7.95059243e-01 
 8.89280000e-09  9.91033012e-01 
 8.90280000e-09  1.07871630e+00 
 8.91280000e-09  1.13539584e+00 
 8.92280000e-09  1.20032603e+00 
 8.93280000e-09  1.21807058e+00 
 8.94280000e-09  1.06869965e+00 
 8.95280000e-09  7.56887763e-01 
 8.96280000e-09  4.20986786e-01 
 8.97280000e-09  1.82792299e-01 
 8.98280000e-09  8.46161024e-02 
 8.99280000e-09  3.94081417e-02 
 9.00280000e-09 -8.27401090e-03 
 9.01280000e-09 -1.90112542e-02 
 9.02280000e-09  1.24918804e-01 
 9.03280000e-09  4.41836184e-01 
 9.04280000e-09  7.65080038e-01 
 9.05280000e-09  9.75192726e-01 
 9.06280000e-09  1.07191190e+00 
 9.07280000e-09  1.12859762e+00 
 9.08280000e-09  1.19333480e+00 
 9.09280000e-09  1.22241876e+00 
 9.10280000e-09  1.09595600e+00 
 9.11280000e-09  7.95887180e-01 
 9.12280000e-09  4.56041376e-01 
 9.13280000e-09  2.01945269e-01 
 9.14280000e-09  9.11973681e-02 
 9.15280000e-09  4.43332529e-02 
 9.16280000e-09 -3.00900232e-03 
 9.17280000e-09 -2.32225844e-02 
 9.18280000e-09  9.87179367e-02 
 9.19280000e-09  4.02159688e-01 
 9.20280000e-09  7.33551307e-01 
 9.21280000e-09  9.57811408e-01 
 9.22280000e-09  1.06467116e+00 
 9.23280000e-09  1.12197379e+00 
 9.24280000e-09  1.18598844e+00 
 9.25280000e-09  1.22470579e+00 
 9.26280000e-09  1.12090689e+00 
 9.27280000e-09  8.34648496e-01 
 9.28280000e-09  4.92446010e-01 
 9.29280000e-09  2.23289884e-01 
 9.30280000e-09  9.86798456e-02 
 9.31280000e-09  4.92990226e-02 
 9.32280000e-09  2.53727384e-03 
 9.33280000e-09 -2.54848958e-02 
 9.34280000e-09  7.49547863e-02 
 9.35280000e-09  3.62523234e-01 
 9.36280000e-09  7.00300509e-01 
 9.37280000e-09  9.38721658e-01 
 9.38280000e-09  1.05680802e+00 
 9.39280000e-09  1.11548132e+00 
 9.40280000e-09  1.17839750e+00 
 9.41280000e-09  1.22517662e+00 
 9.42280000e-09  1.14338659e+00 
 9.43280000e-09  8.72853449e-01 
 9.44280000e-09  5.29906404e-01 
 9.45280000e-09  2.46788972e-01 
 9.46280000e-09  1.07000370e-01 
 9.47280000e-09  5.40818302e-02 
 9.48280000e-09  8.11735644e-03 
 9.49280000e-09 -2.61355550e-02 
 9.50280000e-09  5.37656120e-02 
 9.51280000e-09  3.23527432e-01 
 9.52280000e-09  6.65669291e-01 
 9.53280000e-09  9.18054521e-01 
 9.54280000e-09  1.04823639e+00 
 9.55280000e-09  1.10915228e+00 
 9.56280000e-09  1.17076598e+00 
 9.57280000e-09  1.22384057e+00 
 9.58280000e-09  1.16286255e+00 
 9.59280000e-09  9.10056401e-01 
 9.60280000e-09  5.68107115e-01 
 9.61280000e-09  2.72350159e-01 
 9.62280000e-09  1.16410859e-01 
 9.63280000e-09  5.88578716e-02 
 9.64280000e-09  1.36924576e-02 
 9.65280000e-09 -2.54054853e-02 
 9.66280000e-09  3.51000715e-02 
 9.67280000e-09  2.85367534e-01 
 9.68280000e-09  6.29636679e-01 
 9.69280000e-09  8.95743825e-01 
 9.70280000e-09  1.03876585e+00 
 9.71280000e-09  1.10293851e+00 
 9.72280000e-09  1.16319030e+00 
 9.73280000e-09  1.22099443e+00 
 9.74280000e-09  1.17943265e+00 
 9.75280000e-09  9.46134530e-01 
 9.76280000e-09  6.06995904e-01 
 9.77280000e-09  3.00011281e-01 
 9.78280000e-09  1.27128694e-01 
 9.79280000e-09  6.37286444e-02 
 9.80280000e-09  1.92374821e-02 
 9.81280000e-09 -2.34898116e-02 
 9.82280000e-09  1.89377476e-02 
 9.83280000e-09  2.48267784e-01 
 9.84280000e-09  5.92331454e-01 
 9.85280000e-09  8.71929971e-01 
 9.86280000e-09  1.02826327e+00 
 9.87280000e-09  1.09677971e+00 
 9.88280000e-09  1.15572682e+00 
 9.89280000e-09  1.21692882e+00 
 9.90280000e-09  1.19315717e+00 
 9.91280000e-09  9.80525163e-01 
 9.92280000e-09  6.45894609e-01 
 9.93280000e-09  3.29276982e-01 
 9.94280000e-09  1.39191391e-01 
 9.95280000e-09  6.87270643e-02 
 9.96280000e-09  2.46695043e-02 
 9.97280000e-09 -2.05555756e-02 
 9.98280000e-09  5.50014055e-03 
 9.99280000e-09  2.13027360e-01 
 1.00000000e-08  4.61139899e-01 
